<?xml version="1.0" encoding="UTF-8" standalone="no"?>
<!-- Created with Inkscape (http://www.inkscape.org/) -->

<svg
   width="297mm"
   height="210mm"
   viewBox="0 0 297 210"
   version="1.1"
   id="svg5"
   inkscape:version="1.2.2 (732a01da63, 2022-12-09, custom)"
   sodipodi:docname="start-screen"
   xmlns:inkscape="http://www.inkscape.org/namespaces/inkscape"
   xmlns:sodipodi="http://sodipodi.sourceforge.net/DTD/sodipodi-0.dtd"
   xmlns="http://www.w3.org/2000/svg"
   xmlns:svg="http://www.w3.org/2000/svg">
  <sodipodi:namedview
     id="namedview7"
     pagecolor="#ffffff"
     bordercolor="#000000"
     borderopacity="0.25"
     inkscape:showpageshadow="2"
     inkscape:pageopacity="0.0"
     inkscape:pagecheckerboard="0"
     inkscape:deskcolor="#d1d1d1"
     inkscape:document-units="mm"
     showgrid="false"
     inkscape:zoom="0.75722503"
     inkscape:cx="485.98499"
     inkscape:cy="333.45438"
     inkscape:window-width="1878"
     inkscape:window-height="1016"
     inkscape:window-x="42"
     inkscape:window-y="27"
     inkscape:window-maximized="1"
     inkscape:current-layer="layer5" />
  <defs
     id="defs2">
    <rect
       x="211.07273"
       y="277.81104"
       width="90.781666"
       height="30.472611"
       id="rect7459" />
    <rect
       x="121.04793"
       y="188.71"
       width="867.94588"
       height="410.37386"
       id="rect1516" />
  </defs>
  <g
     inkscape:groupmode="layer"
     id="layer5"
     inkscape:label="Layer 3">
    <g
       id="g6706"
       transform="matrix(0.38940172,0,0,0.38940172,-67.320576,-5.972786)">
      <g
         id="g2774"
         transform="matrix(0.66798274,0,0,0.66798274,84.248675,20.932323)">
        <path
           d="m 182.10276,16.780599 c -3.18946,2.457502 -5.10567,1.104819 -8.38295,2.008904 -0.58713,0.197309 -1.06057,0.638348 -1.29896,1.210029 -0.3716,-0.936874 -2.51244,-4.993074 -3.5075,-4.832707 -1.51296,0.306662 -4.97366,-1.547338 -7.09243,-3.280912 -1.22874,-0.03211 -2.23422,0.970589 -2.20511,2.199382 -0.002,-0.09317 -0.99802,6.486473 -1.69759,7.419285 9.11817,1.867817 2.73794,4.540129 4.21736,4.860442 -0.25523,0.383484 -0.51381,0.75195 -0.75841,1.138183 -0.30863,0.48731 -0.40872,1.078281 -0.27735,1.639982 l 0.8405,3.587895 c 0.10468,0.207695 0.24231,0.396997 0.40788,0.560534 l -1.71732,6.103114 c 0.0125,0.249651 0.0655,0.495506 0.16099,0.726477 -0.2444,0.122489 -0.40705,0.197059 -0.94885,0.492678 -1.91851,1.047019 -1.23136,3.956349 0.95285,4.034384 3.32666,0.117777 7.28036,-2.520098 10.29932,-2.439948 1.98215,0.05213 2.97157,-2.37913 1.51621,-3.725891 -0.0692,-0.06394 -0.0876,-0.103889 -0.15097,-0.163654 0.53683,-0.677343 0.61566,-1.610338 0.20018,-2.368169 l -0.73385,-1.303546 c 0.69069,0.448195 1.57677,0.462371 2.28147,0.03628 -0.99572,-0.369221 0.75579,-0.469231 0.54459,-0.182463 0.24482,0.07478 0.50072,0.105307 0.75613,0.09009 l -0.003,0.582203 c 0.0721,0.326598 0.22021,0.63178 0.43107,0.891277 -0.0417,0.06118 -0.0767,0.124367 -0.1101,0.189303 -0.43533,1.218963 -0.67755,2.009587 -0.81768,2.570596 -0.0701,0.280513 -0.11636,0.490689 -0.14556,0.753276 -0.0167,0.13129 -0.0375,0.255907 -0.004,0.558257 0.008,0.0651 0.0721,0.225419 0.0901,0.319341 l -0.0334,-0.02586 0.0838,0.364383 c 0.24523,1.065044 1.25084,1.776385 2.33682,1.653099 1.03759,-0.117902 2.20398,-0.09817 3.43676,-0.07015 0.0167,3.8e-4 0.0334,5.84e-4 0.0484,5.84e-4 0.72513,0 2.92316,1.003693 3.94028,0.87245 1.0577,-0.150808 1.84406,-1.055693 1.84585,-2.124106 -0.33045,-1.629522 0.0672,-0.520438 0.0811,-3.000715 0.005,-0.944471 -3.3589,-4.452085 -2.19805,-5.096031 1.22951,-0.682026 2.27007,-1.965782 1.28534,-2.012653 -2.01408,-0.221219 -2.39623,-2.394981 -2.96275,-4.198224 0.025,-0.133542 0.045,-0.260411 0.0772,-0.435087 l 1.29442,-0.501236 c 0.86786,-0.568341 1.20584,-1.675462 0.80346,-2.631616 -0.20852,-0.494922 0.23682,-3.567559 -0.45162,-5.202762 -0.40121,-0.952872 -1.42375,-1.485167 -2.43432,-1.267054 z"
           style="color:#000000;-inkscape-font-specification:ESGARD;fill:#000000;stroke-width:1.10346;stroke-linecap:round;stroke-linejoin:round;-inkscape-stroke:none"
           id="path2606"
           sodipodi:nodetypes="ccccccccsccccccccccccccccccsccccccssccsscccccscc" />
      </g>
      <path
         d="m 205.76086,32.936896 c -1.42297,1.399747 -3.892,0.873156 -5.52082,1.322489 1.06716,0.861222 0.31823,1.797216 -0.11227,2.377605 0.41189,-0.03744 0.89881,-0.07477 1.3107,-0.03733 -0.56169,0.692721 -1.46053,1.684931 -1.90986,2.115543 -0.54296,-0.617831 -2.14657,-3.8006 -2.70823,-4.437155 l 0.73018,-0.13102 -0.61782,-2.284286 c -1.38545,0.280835 -3.49686,-0.790085 -5.02959,-2.058545 0.0195,0.786332 -0.34681,3.178245 -0.85231,3.852245 0.46806,0 1.57553,0.565359 2.02486,0.527915 l 0.0936,1.254319 c 2.52999,0.695016 0.014,3.463732 -0.34319,4.025397 l 0.20799,2.043178 c 0.14988,-0.262123 0.78406,-0.414498 0.9713,-0.639165 l -1.47512,6.01139 c 0.7489,1.085889 -0.43056,1.385484 -1.25431,1.834817 2.11559,0.07488 4.75158,-1.686391 6.86717,-1.630225 -0.74887,-0.692721 -1.29175,-1.36664 -1.49771,-2.489973 l 1.25434,0.449088 -1.42269,-2.527304 c 0.0373,-1.085886 0.18721,-2.13451 0.26215,-3.145508 0.50549,0.355722 1.19804,0.786323 1.53504,1.235654 l -0.1496,0.561835 c 0.58039,0.374443 1.10457,0.95488 1.36669,1.216991 l 0.52411,-0.711531 0.63652,0.411757 c 0.18721,-0.561665 0.28103,-1.628679 1.53541,-2.883065 l 0.31806,0.786187 -0.0195,3.838374 0.69287,0.542788 -0.56185,0.655156 c -0.56166,1.572667 -0.59888,1.984514 -0.56144,1.984514 l 0.056,0.243401 c 0.82375,-0.09361 1.66656,-0.07472 2.49034,-0.056 0.39317,0 1.86768,0.669481 2.44807,0.594594 l -0.0563,-0.318436 c -0.16854,-0.936109 0.056,-1.235662 0.1496,-1.479052 -0.56166,-0.898664 -1.84898,-3.103155 -1.94259,-3.73971 0.58038,0.07488 1.21726,-0.18735 1.74148,-0.449464 -1.40416,-0.505502 -1.66654,-2.134349 -2.13459,-3.444903 0.0373,-0.262123 0.18721,-1.029595 0.22482,-1.272982 l 1.0296,-0.674201 c -0.29962,-0.711447 -0.002,-2.763919 -0.30173,-3.475361 z"
         style="color:#000000;-inkscape-font-specification:ESGARD;fill:#ffffff;stroke-width:10.851;stroke-linecap:round;stroke-linejoin:round;-inkscape-stroke:none"
         id="path2645"
         sodipodi:nodetypes="ccccccccccccccccccccccccccccccccccccccccccccc" />
    </g>
    <path
       style="color:#000000;font-size:96px;white-space:pre;fill:#ffffff;stroke:#000000;stroke-width:1.45523;stroke-linecap:round;stroke-linejoin:round;stroke-dasharray:none"
       d="m 98.560377,51.075153 c -1.0946,0.263985 -1.7682,1.319799 -1.50464,2.358378 l 9.593093,37.761245 c 0.2641,1.038454 1.36538,1.666099 2.45993,1.40199 l 26.63916,-6.426368 c 1.09458,-0.263985 1.76819,-1.319801 1.50462,-2.358378 l -9.59308,-37.761254 c -0.26408,-1.038449 -1.36538,-1.66609 -2.45995,-1.401974 z"
       id="rect6956"
       sodipodi:nodetypes="ccccccccc" />
    <path
       style="color:#000000;font-size:96px;white-space:pre;fill:#ffffff;stroke:#000000;stroke-width:1.45523;stroke-linecap:round;stroke-linejoin:round;stroke-dasharray:none"
       d="m 128.00445,47.973821 c -1.12584,0.0326 -2.00724,0.926676 -1.96877,1.997107 l 1.40858,38.921556 c 0.0391,1.070409 0.98321,1.911528 2.10905,1.87879 l 27.40014,-0.795023 c 1.12586,-0.03258 2.00724,-0.926675 1.96877,-1.997106 L 157.51366,49.05759 c -0.0389,-1.070415 -0.98321,-1.911516 -2.10903,-1.878786 z"
       id="rect6956-2"
       sodipodi:nodetypes="ccccccccc" />
    <path
       style="color:#000000;font-size:96px;white-space:pre;fill:#ffffff;stroke:#000000;stroke-width:1.45523;stroke-linecap:round;stroke-linejoin:round;stroke-dasharray:none"
       d="m 153.39441,43.823503 c -1.1199,-0.121742 -2.12035,0.642669 -2.23472,1.70747 l -4.14863,38.718307 c -0.11396,1.064851 0.70167,2.026572 1.82157,2.148182 l 27.25561,2.961279 c 1.11988,0.121758 2.12034,-0.64267 2.23473,-1.70747 l 4.14863,-38.718306 c 0.11328,-1.064938 -0.70168,-2.026568 -1.82158,-2.148184 z"
       id="rect6956-2-3"
       sodipodi:nodetypes="ccccccccc" />
    <path
       style="color:#000000;font-size:96px;white-space:pre;fill:#ffffff;stroke:#000000;stroke-width:1.45523;stroke-linecap:round;stroke-linejoin:round;stroke-dasharray:none"
       d="m 178.06258,49.524838 c -1.09426,-0.25652 -2.20221,0.377379 -2.47483,1.415942 l -9.90377,37.765393 c -0.27215,1.038682 0.39431,2.088439 1.48862,2.34482 l 26.63184,6.241491 c 1.09427,0.25653 2.20223,-0.37738 2.47487,-1.41593 l 9.90373,-37.765403 c 0.27215,-1.038681 -0.39433,-2.08843 -1.4886,-2.344824 z"
       id="rect6956-2-7"
       sodipodi:nodetypes="ccccccccc" />
    <path
       d="m 203.97738,112.22055 c -0.39537,-0.67221 0.67253,-2.52375 1.46336,-2.99826 l 0.0788,-2.5373 c -0.38069,-7.079386 -9.43028,-2.89462 -8.69869,3.32166 -0.27653,0.75128 0.79069,1.42289 1.34426,2.016 0.98851,1.02807 2.76759,2.53109 2.45121,3.75686"
       style="color:#000000;-inkscape-font-specification:ESGARD;fill:#ffffff;stroke-width:22.9173;stroke-linecap:round;stroke-linejoin:round;-inkscape-stroke:none"
       id="path6640" />
    <g
       id="rect7128"
       transform="matrix(1.5147774,0,0,1.1193517,-18.599484,79.622318)"
       style="fill:#cccccc">
      <path
         style="color:#000000;fill:#cccccc;stroke-width:2.153;stroke-linecap:round;stroke-linejoin:round;-inkscape-stroke:none"
         d="M 73.713905,64.540123 H 94.19577 v 5.120466 H 73.713905 Z"
         id="path7184" />
      <path
         style="color:#000000;fill:#cccccc;stroke-linecap:round;stroke-linejoin:round;-inkscape-stroke:none"
         d="m 73.714844,63.462891 a 1.0766077,1.0766077 0 0 0 -1.078125,1.078125 v 5.11914 a 1.0766077,1.0766077 0 0 0 1.078125,1.076172 h 20.480468 a 1.0766077,1.0766077 0 0 0 1.076172,-1.076172 v -5.11914 a 1.0766077,1.0766077 0 0 0 -1.076172,-1.078125 z m 1.076172,2.154296 h 18.328125 v 2.966797 H 74.791016 Z"
         id="path7186" />
    </g>
    <g
       id="rect7128-5"
       transform="matrix(1.5147774,0,0,1.1193517,22.818361,79.505094)"
       style="fill:#cccccc">
      <path
         style="color:#000000;fill:#cccccc;stroke-width:2.153;stroke-linecap:round;stroke-linejoin:round;-inkscape-stroke:none"
         d="M 73.713905,64.540123 H 94.19577 v 5.120466 H 73.713905 Z"
         id="path7184-9" />
      <path
         style="color:#000000;fill:#cccccc;stroke-linecap:round;stroke-linejoin:round;-inkscape-stroke:none"
         d="m 73.714844,63.462891 a 1.0766077,1.0766077 0 0 0 -1.078125,1.078125 v 5.11914 a 1.0766077,1.0766077 0 0 0 1.078125,1.076172 h 20.480468 a 1.0766077,1.0766077 0 0 0 1.076172,-1.076172 v -5.11914 a 1.0766077,1.0766077 0 0 0 -1.076172,-1.078125 z m 1.076172,2.154296 h 18.328125 v 2.966797 H 74.791016 Z"
         id="path7186-2" />
    </g>
    <g
       id="rect7128-2"
       transform="matrix(1.5147774,0,0,1.1193517,62.305956,78.909085)"
       style="fill:#cccccc">
      <path
         style="color:#000000;fill:#cccccc;stroke-width:2.153;stroke-linecap:round;stroke-linejoin:round;-inkscape-stroke:none"
         d="M 73.713905,64.540123 H 94.19577 v 5.120466 H 73.713905 Z"
         id="path7184-8" />
      <path
         style="color:#000000;fill:#cccccc;stroke-linecap:round;stroke-linejoin:round;-inkscape-stroke:none"
         d="m 73.714844,63.462891 a 1.0766077,1.0766077 0 0 0 -1.078125,1.078125 v 5.11914 a 1.0766077,1.0766077 0 0 0 1.078125,1.076172 h 20.480468 a 1.0766077,1.0766077 0 0 0 1.076172,-1.076172 v -5.11914 a 1.0766077,1.0766077 0 0 0 -1.076172,-1.078125 z m 1.076172,2.154296 h 18.328125 v 2.966797 H 74.791016 Z"
         id="path7186-9" />
    </g>
    <text
       xml:space="preserve"
       style="font-style:normal;font-variant:normal;font-weight:normal;font-stretch:normal;font-size:3.01989px;font-family:ESGARD;-inkscape-font-specification:ESGARD;fill:#000000;fill-opacity:1;stroke:none;stroke-width:1.53587;stroke-linecap:round;stroke-linejoin:round;stroke-dasharray:none"
       x="135.21193"
       y="168.6711"
       id="text7465"><tspan
         sodipodi:role="line"
         id="tspan7463"
         style="font-style:normal;font-variant:normal;font-weight:normal;font-stretch:normal;font-family:'Ubuntu Mono';-inkscape-font-specification:'Ubuntu Mono';stroke-width:1.53587"
         x="135.21193"
         y="168.6711">Choose difficulty...</tspan></text>
    <path
       d="m 103.2419,153.13557 q 0.67888,0 1.04721,0.4261 0.36833,0.41889 0.36833,1.27832 v 0.20945 h -2.39776 q 0.0362,0.51999 0.33944,0.79444 0.31055,0.26721 0.86666,0.26721 0.31778,0 0.54166,-0.0505 0.22388,-0.0505 0.33945,-0.10833 l 0.0795,0.50555 q -0.10833,0.0578 -0.39,0.12283 -0.28166,0.065 -0.63556,0.065 -0.43333,0 -0.76554,-0.13 -0.325,-0.13716 -0.54166,-0.36833 -0.21667,-0.2311 -0.325,-0.54888 -0.10833,-0.32499 -0.10833,-0.70054 0,-0.44778 0.13716,-0.77999 0.13717,-0.33223 0.36112,-0.5489 0.22388,-0.21666 0.50554,-0.32499 0.28167,-0.10834 0.57778,-0.10834 z m 0.80887,1.42999 q 0,-0.42612 -0.22388,-0.67166 -0.22389,-0.25278 -0.59222,-0.25278 -0.20944,0 -0.38277,0.0795 -0.16616,0.0795 -0.28889,0.20944 -0.12284,0.13 -0.195,0.2961 -0.0722,0.16617 -0.0938,0.33945 z"
       id="path7473"
       style="font-size:4.23333px;font-family:'Ubuntu Mono';-inkscape-font-specification:'Ubuntu Mono';stroke-width:3.67306;stroke-linecap:round;stroke-linejoin:round" />
    <path
       d="m 106.82406,156.13997 q 0.22388,0 0.39722,-0.0136 0.18056,-0.0137 0.29611,-0.0362 v -0.99666 q -0.1155,-0.0362 -0.28166,-0.0578 -0.15883,-0.0217 -0.33945,-0.0217 -0.16617,0 -0.325,0.0288 -0.15883,0.0217 -0.28166,0.0867 -0.12284,0.065 -0.20222,0.17333 -0.0795,0.10117 -0.0795,0.26 0,0.32499 0.21667,0.45499 0.22388,0.12284 0.59944,0.12284 z m -0.0578,-3.0044 q 0.37555,0 0.62833,0.0938 0.25999,0.0938 0.41888,0.26 0.15883,0.16617 0.22389,0.40443 0.065,0.23833 0.065,0.51999 v 2.09443 q -0.20945,0.0362 -0.55611,0.0867 -0.33945,0.0505 -0.70054,0.0505 -0.27445,0 -0.53445,-0.0505 -0.25999,-0.0433 -0.46221,-0.15883 -0.20223,-0.12284 -0.325,-0.33221 -0.12283,-0.20945 -0.12283,-0.53445 0,-0.28888 0.12283,-0.48388 0.13,-0.20223 0.325,-0.32499 0.20222,-0.12284 0.455,-0.17334 0.25999,-0.0578 0.51999,-0.0578 0.35388,0 0.69333,0.0795 v -0.16617 q 0,-0.15166 -0.0362,-0.28888 -0.0288,-0.1445 -0.12283,-0.25999 -0.0867,-0.1155 -0.24557,-0.18057 -0.15166,-0.0722 -0.39721,-0.0722 -0.31055,0 -0.54166,0.0433 -0.23112,0.0433 -0.35388,0.0867 l -0.0722,-0.49109 q 0.12284,-0.0578 0.40443,-0.10117 0.2889,-0.0433 0.6139,-0.0433 z"
       id="path7475"
       style="font-size:4.23333px;font-family:'Ubuntu Mono';-inkscape-font-specification:'Ubuntu Mono';stroke-width:3.67306;stroke-linecap:round;stroke-linejoin:round" />
    <path
       d="m 111.12845,155.72831 q 0,-0.18055 -0.15166,-0.29609 -0.1445,-0.1155 -0.36833,-0.20224 -0.21667,-0.0867 -0.47666,-0.16616 -0.26,-0.0867 -0.4839,-0.20943 -0.21666,-0.12284 -0.36833,-0.30333 -0.1445,-0.18057 -0.1445,-0.46945 0,-0.40445 0.325,-0.67166 0.33223,-0.27445 1.03277,-0.27445 0.27445,0 0.56333,0.0433 0.29611,0.0362 0.50554,0.10116 l -0.10833,0.53445 q -0.0578,-0.0288 -0.15883,-0.0578 -0.10117,-0.0362 -0.2311,-0.0578 -0.12999,-0.0288 -0.28166,-0.0433 -0.1445,-0.0137 -0.28166,-0.0137 -0.78,0 -0.78,0.42611 0,0.15167 0.1445,0.26 0.15167,0.10117 0.37555,0.18776 0.22388,0.0867 0.48388,0.18057 0.26,0.0867 0.48389,0.21666 0.22388,0.13 0.36833,0.31777 0.15167,0.18056 0.15167,0.46222 0,0.455 -0.3539,0.70776 -0.35388,0.24557 -1.11942,0.24557 -0.34666,0 -0.63556,-0.0578 -0.28888,-0.0578 -0.54888,-0.17333 l 0.1155,-0.54166 q 0.25278,0.1155 0.52723,0.195 0.28164,0.0722 0.59942,0.0722 0.81611,0 0.81611,-0.41166 z"
       id="path7477"
       style="font-size:4.23333px;font-family:'Ubuntu Mono';-inkscape-font-specification:'Ubuntu Mono';stroke-width:3.67306;stroke-linecap:round;stroke-linejoin:round" />
    <path
       d="m 112.57286,157.19441 q 0.065,0.0362 0.18056,0.0578 0.12283,0.0217 0.22388,0.0217 0.35388,0 0.54888,-0.15883 0.20223,-0.15166 0.36833,-0.50554 -0.40443,-0.76556 -0.75833,-1.63943 -0.35388,-0.88111 -0.58499,-1.75499 h 0.64999 q 0.0722,0.28888 0.16617,0.62833 0.10117,0.33221 0.2239,0.68611 0.12283,0.35388 0.25999,0.71499 0.1445,0.35388 0.30333,0.67888 0.1155,-0.33221 0.21667,-0.65721 0.10117,-0.325 0.18776,-0.64999 0.0867,-0.33223 0.17335,-0.67166 0.0867,-0.34667 0.18055,-0.72945 h 0.62109 q -0.23109,0.93888 -0.51999,1.81998 -0.28165,0.88111 -0.60664,1.63221 -0.12284,0.28889 -0.26724,0.49832 -0.13716,0.20945 -0.30333,0.34667 -0.16616,0.13716 -0.37554,0.20223 -0.20945,0.065 -0.47666,0.065 -0.13717,0 -0.30333,-0.0362 -0.15883,-0.0362 -0.21667,-0.065 z"
       id="path7479"
       style="font-size:4.23333px;font-family:'Ubuntu Mono';-inkscape-font-specification:'Ubuntu Mono';stroke-width:3.67306;stroke-linecap:round;stroke-linejoin:round" />
    <path
       d="m 138.87369,153.38504 q 0.43331,-0.16616 0.81609,-0.16616 0.20945,0 0.39,0.065 0.18778,0.0578 0.31778,0.18778 0.31055,-0.25278 0.66443,-0.25278 0.17333,0 0.32499,0.065 0.15883,0.065 0.27445,0.19499 0.12283,0.13 0.195,0.325 0.0722,0.195 0.0722,0.455 v 2.38331 h -0.54166 v -2.39775 q 0,-0.25999 -0.1155,-0.39723 -0.11549,-0.13716 -0.28888,-0.13716 -0.0867,0 -0.18056,0.0433 -0.0938,0.0433 -0.17333,0.13717 0.0433,0.16616 0.0433,0.36833 v 1.09055 h -0.54164 v -1.09777 q 0,-0.25278 -0.0795,-0.39721 -0.0795,-0.1445 -0.31055,-0.1445 -0.1445,0 -0.325,0.065 v 2.86718 h -0.54166 z"
       id="path7481"
       style="font-size:4.23333px;font-family:'Ubuntu Mono';-inkscape-font-specification:'Ubuntu Mono';stroke-width:3.67306;stroke-linecap:round;stroke-linejoin:round" />
    <path
       d="m 144.05917,153.21173 q 0.67888,0 1.04721,0.42609 0.36833,0.41888 0.36833,1.27832 v 0.20945 h -2.39774 q 0.0362,0.52 0.33943,0.79443 0.31056,0.26723 0.86665,0.26723 0.31778,0 0.54167,-0.0505 0.22388,-0.0505 0.33944,-0.10833 l 0.0795,0.50554 q -0.10833,0.0578 -0.38999,0.12284 -0.28167,0.065 -0.63556,0.065 -0.43333,0 -0.76555,-0.13 -0.32499,-0.13717 -0.54166,-0.36833 -0.21666,-0.23112 -0.32499,-0.54888 -0.10834,-0.325 -0.10834,-0.70056 0,-0.44776 0.13717,-0.77999 0.13716,-0.33222 0.36111,-0.54888 0.22388,-0.21667 0.50555,-0.325 0.28166,-0.10833 0.57777,-0.10833 z m 0.80888,1.42997 q 0,-0.4261 -0.22388,-0.67166 -0.2239,-0.25277 -0.59223,-0.25277 -0.20943,0 -0.38276,0.0795 -0.16617,0.0795 -0.28888,0.20945 -0.12284,0.13 -0.195,0.2961 -0.0722,0.16616 -0.0938,0.33944 z"
       id="path7483"
       style="font-size:4.23333px;font-family:'Ubuntu Mono';-inkscape-font-specification:'Ubuntu Mono';stroke-width:3.67306;stroke-linecap:round;stroke-linejoin:round" />
    <path
       d="m 148.29856,153.99894 q -0.10116,-0.0938 -0.29611,-0.17333 -0.195,-0.0867 -0.40443,-0.0867 -0.23833,0 -0.41166,0.0938 -0.16617,0.0938 -0.27445,0.26 -0.10833,0.15883 -0.15883,0.38999 -0.0505,0.22388 -0.0505,0.48388 0,0.585 0.27445,0.90278 0.27443,0.31776 0.71499,0.31776 0.22388,0 0.37555,-0.0217 0.15883,-0.0217 0.23111,-0.0433 z m 0,-2.26053 0.59945,-0.10117 v 4.91105 q -0.195,0.0578 -0.49833,0.1155 -0.30333,0.0578 -0.70778,0.0578 -0.36111,0 -0.65721,-0.12283 -0.29611,-0.12283 -0.50556,-0.34666 -0.20943,-0.23112 -0.32499,-0.55611 -0.1155,-0.325 -0.1155,-0.72943 0,-0.39 0.0938,-0.70778 0.10117,-0.32499 0.2889,-0.55611 0.18776,-0.23109 0.44776,-0.36109 0.26723,-0.13 0.60666,-0.13 0.26723,0 0.46944,0.065 0.20222,0.065 0.30333,0.13716 z"
       id="path7485"
       style="font-size:4.23333px;font-family:'Ubuntu Mono';-inkscape-font-specification:'Ubuntu Mono';stroke-width:3.67306;stroke-linecap:round;stroke-linejoin:round" />
    <path
       d="m 150.92019,152.77117 q -0.18778,0 -0.325,-0.13 -0.13716,-0.13 -0.13716,-0.35388 0,-0.2239 0.13716,-0.3539 0.13717,-0.13 0.325,-0.13 0.195,0 0.32499,0.13 0.13717,0.13 0.13717,0.3539 0,0.22388 -0.13717,0.35388 -0.12999,0.13 -0.32499,0.13 z m -0.15167,1.01832 h -0.96777 v -0.49833 h 1.55998 v 2.05831 q 0,0.49833 0.13717,0.67166 0.13716,0.16617 0.41166,0.16617 0.20945,0 0.38278,-0.0505 0.18055,-0.0505 0.28166,-0.10833 l 0.0867,0.50554 q -0.0433,0.0217 -0.12283,0.0578 -0.0795,0.0288 -0.18779,0.0578 -0.10116,0.0288 -0.23109,0.0505 -0.12284,0.0217 -0.26,0.0217 -0.31778,0 -0.52723,-0.0867 -0.20943,-0.0867 -0.33943,-0.26 -0.12283,-0.17333 -0.17333,-0.42609 -0.0505,-0.26 -0.0505,-0.59945 z"
       id="path7487"
       style="font-size:4.23333px;font-family:'Ubuntu Mono';-inkscape-font-specification:'Ubuntu Mono';stroke-width:3.67306;stroke-linecap:round;stroke-linejoin:round" />
    <path
       d="m 156.12012,156.54834 q -0.195,0.0505 -0.52,0.10834 -0.31778,0.0578 -0.7511,0.0578 -0.38277,0 -0.63555,-0.10833 -0.25278,-0.1155 -0.41166,-0.31776 -0.15883,-0.20945 -0.22388,-0.49112 -0.065,-0.28166 -0.065,-0.62111 v -1.88498 h 0.59221 v 1.75498 q 0,0.62111 0.18055,0.88111 0.18778,0.26 0.62111,0.26 0.0938,0 0.18778,-0.007 0.10117,-0.007 0.18776,-0.0136 0.0867,-0.0137 0.15167,-0.0217 0.065,-0.0137 0.0867,-0.0217 v -2.83108 h 0.59944 z"
       id="path7489"
       style="font-size:4.23333px;font-family:'Ubuntu Mono';-inkscape-font-specification:'Ubuntu Mono';stroke-width:3.67306;stroke-linecap:round;stroke-linejoin:round" />
    <path
       d="m 156.92898,153.38504 q 0.43333,-0.16616 0.81611,-0.16616 0.20943,0 0.38999,0.065 0.18777,0.0578 0.31777,0.18778 0.31056,-0.25278 0.66444,-0.25278 0.17333,0 0.325,0.065 0.15883,0.065 0.27444,0.19499 0.12284,0.13 0.195,0.325 0.0722,0.195 0.0722,0.455 v 2.38331 h -0.54167 v -2.39775 q 0,-0.25999 -0.11549,-0.39723 -0.1155,-0.13716 -0.2889,-0.13716 -0.0867,0 -0.18055,0.0433 -0.0938,0.0433 -0.17333,0.13717 0.0433,0.16616 0.0433,0.36833 v 1.09055 h -0.54166 v -1.09777 q 0,-0.25278 -0.0795,-0.39721 -0.0795,-0.1445 -0.31055,-0.1445 -0.1445,0 -0.32499,0.065 v 2.86718 h -0.54166 z"
       id="path7491"
       style="font-size:4.23333px;font-family:'Ubuntu Mono';-inkscape-font-specification:'Ubuntu Mono';stroke-width:3.67306;stroke-linecap:round;stroke-linejoin:round" />
    <path
       d="m 181.59103,156.00107 v -4.90383 l 0.59943,-0.10117 v 1.70443 q 0.1445,-0.0578 0.32499,-0.0867 0.18057,-0.0362 0.3539,-0.0362 0.38276,0 0.63554,0.1155 0.26,0.10833 0.41167,0.31054 0.15166,0.20222 0.21666,0.48388 0.065,0.28167 0.065,0.62111 v 1.8922 h -0.59221 v -1.7622 q 0,-0.62111 -0.17333,-0.87387 -0.17333,-0.26 -0.62111,-0.26 -0.18779,0 -0.36833,0.0433 -0.17333,0.0362 -0.25278,0.0722 v 2.78052 z"
       id="path7493"
       style="font-size:4.23333px;font-family:'Ubuntu Mono';-inkscape-font-specification:'Ubuntu Mono';stroke-width:3.67306;stroke-linecap:round;stroke-linejoin:round" />
    <path
       d="m 186.53096,155.57497 q 0.22388,0 0.39722,-0.0136 0.18054,-0.0137 0.29611,-0.0362 v -0.99666 q -0.1155,-0.0362 -0.28166,-0.0578 -0.15884,-0.0217 -0.33945,-0.0217 -0.16617,0 -0.325,0.0288 -0.15883,0.0217 -0.28166,0.0867 -0.12284,0.065 -0.20222,0.17333 -0.0795,0.10117 -0.0795,0.26 0,0.325 0.21667,0.45499 0.22388,0.12284 0.59942,0.12284 z m -0.0578,-3.00442 q 0.37554,0 0.62833,0.0938 0.25999,0.0938 0.41887,0.25999 0.15884,0.16617 0.22389,0.40445 0.065,0.23833 0.065,0.51999 v 2.09442 q -0.20944,0.0362 -0.5561,0.0867 -0.33945,0.0505 -0.70056,0.0505 -0.27443,0 -0.53443,-0.0505 -0.25999,-0.0433 -0.46223,-0.15883 -0.20221,-0.12283 -0.32499,-0.33221 -0.12284,-0.20945 -0.12284,-0.53445 0,-0.28888 0.12284,-0.48387 0.13,-0.20222 0.32499,-0.325 0.20224,-0.12284 0.455,-0.17333 0.26,-0.0578 0.51999,-0.0578 0.3539,0 0.69333,0.0795 v -0.16616 q 0,-0.15167 -0.0362,-0.28888 -0.0288,-0.1445 -0.12283,-0.26 -0.0867,-0.1155 -0.24555,-0.18057 -0.15166,-0.0722 -0.39721,-0.0722 -0.31056,0 -0.54166,0.0433 -0.23112,0.0433 -0.3539,0.0867 l -0.0722,-0.4911 q 0.12283,-0.0578 0.40444,-0.10116 0.28888,-0.0433 0.61388,-0.0433 z"
       id="path7495"
       style="font-size:4.23333px;font-family:'Ubuntu Mono';-inkscape-font-specification:'Ubuntu Mono';stroke-width:3.67306;stroke-linecap:round;stroke-linejoin:round" />
    <path
       d="m 189.07314,156.00107 v -3.17052 q 0.73666,-0.25278 1.48777,-0.25278 0.23109,0 0.44054,0.0217 0.20945,0.0137 0.46221,0.0722 l -0.10833,0.52723 q -0.2311,-0.065 -0.41166,-0.0795 -0.17333,-0.0217 -0.38276,-0.0217 -0.44057,0 -0.89556,0.12284 v 2.78052 z"
       id="path7497"
       style="font-size:4.23333px;font-family:'Ubuntu Mono';-inkscape-font-specification:'Ubuntu Mono';stroke-width:3.67306;stroke-linecap:round;stroke-linejoin:round" />
    <path
       d="m 194.41028,153.35776 q -0.10116,-0.0938 -0.29609,-0.17333 -0.195,-0.0867 -0.40445,-0.0867 -0.23833,0 -0.41166,0.0938 -0.16617,0.0938 -0.27445,0.25999 -0.10833,0.15883 -0.15883,0.39 -0.0505,0.2239 -0.0505,0.4839 0,0.58499 0.27445,0.90275 0.27445,0.31778 0.71499,0.31778 0.22388,0 0.37555,-0.0217 0.15883,-0.0217 0.23111,-0.0433 z m 0,-2.26052 0.59945,-0.10117 v 4.91105 q -0.195,0.0578 -0.49833,0.1155 -0.30333,0.0578 -0.70778,0.0578 -0.36109,0 -0.65721,-0.12283 -0.29611,-0.12284 -0.50554,-0.34667 -0.20945,-0.23109 -0.325,-0.55609 -0.1155,-0.325 -0.1155,-0.72944 0,-0.39 0.0938,-0.70776 0.10117,-0.325 0.28888,-0.55611 0.18779,-0.23112 0.44778,-0.36112 0.26722,-0.12999 0.60666,-0.12999 0.26722,0 0.46943,0.065 0.20223,0.065 0.30333,0.13717 z"
       id="path7499"
       style="font-size:4.23333px;font-family:'Ubuntu Mono';-inkscape-font-specification:'Ubuntu Mono';stroke-width:3.67306;stroke-linecap:round;stroke-linejoin:round" />
    <g
       id="g1761"
       transform="matrix(0.4513844,0,0,0.4513844,57.635149,75.637849)"
       style="font-size:96px;white-space:pre;stroke-width:1.49291">
      <g
         id="path1678">
        <path
           style="color:#000000;-inkscape-font-specification:ESGARD;fill:#000000;stroke-linecap:round;stroke-linejoin:round;-inkscape-stroke:none"
           d="m 113.39245,-9.0904909 c -6.2221,5.4613128 -15.67518,2.34674 -26.90039,5.44336 -2.011007,0.6758365 -3.63266,2.1864356 -4.44922,4.14452997 C 80.769643,-2.7115352 73.437483,-16.604608 70.02917,-16.055341 c -5.182,1.05041 -17.035495,-5.299852 -24.292599,-11.23759 -4.208523,-0.110623 -7.652456,3.324404 -7.55273,7.5332 -0.008,-0.31919 -3.418375,22.2171264 -5.814635,25.4121363 31.231139,6.3975467 9.377967,15.5506107 14.445124,16.6477237 -0.87456,1.31353 -1.75982,2.57555 -2.59766,3.89844 -1.057452,1.669123 -1.399504,3.693282 -0.94922,5.61719 l 0.87891,12.28906 c 0.358553,0.711315 0.830182,1.359719 1.39649,1.91992 L 41.660704,66.9288 c 0.03753,0.85514 0.223917,1.697183 0.55078,2.48828 -0.83739,0.4196 -1.3938,0.67503 -3.25,1.6875 -6.571042,3.586196 -4.217493,13.551077 3.26368,13.81836 11.39431,0.40334 24.936316,-8.631711 35.276666,-8.357181 6.789252,0.178541 10.178076,-8.148866 5.19336,-12.76172 -0.23673,-0.21898 -0.30064,-0.3558 -0.51758,-0.56055 1.838639,-2.319997 2.108728,-5.515652 0.68555,-8.11133 l -2.51367,-4.46484 c 1.223879,0.447 3.349283,0.638009 4.77702,-0.85297 -6.532113,-3.577064 6.449549,-4.76732 4.90266,0.35297 0.838034,0.256195 1.71508,0.360699 2.58985,0.30859 l -0.01,1.99414 c 0.247907,1.118624 0.753507,2.163937 1.47656,3.05274 -0.136587,0.209601 -0.2624,0.426028 -0.37695,0.64844 -1.49112,4.17514 -2.32072,6.88314 -2.80078,8.80468 -0.24003,0.96078 -0.39839,1.68068 -0.49805,2.58008 -0.0498,0.4497 -0.12563,0.87656 -0.0195,1.91211 0.0229,0.22303 0.24709,0.77208 0.30859,1.09375 l -0.10937,-0.0879 0.28711,1.24805 c 0.840222,3.647925 4.284364,6.084373 8.00391,5.66211 3.55394,-0.40386 7.54902,-0.3362 11.77148,-0.24024 0.0553,0.0013 0.11067,0.002 0.16602,0.002 2.48375,0 6.38733,-0.1872 9.87109,-0.63671 3.62284,-0.516555 6.31616,-3.615916 6.32226,-7.27539 0.75069,0.94884 1.60238,1.86057 2.61915,2.6875 3.79811,3.08898 8.93128,4.56763 15.05859,4.74023 0.069,0.0023 0.138,0.0036 0.20703,0.004 5.61113,0 11.65249,-1.48028 17.6582,-3.73243 0.93932,-0.66217 1.71056,-1.535073 2.25196,-2.54882 0.73045,1.935789 2.24183,3.474811 4.16406,4.24023 8.33401,2.90427 16.01914,1.40973 23.04883,-0.27344 0.46832,-0.224719 0.91155,-0.498377 1.32226,-0.8164 2.1152,1.97318 5.47547,3.17331 7.94922,2.99023 2.657,-0.19664 4.24974,-1.06972 5.39453,-1.63086 0.44167,-0.21649 0.44215,-0.21254 0.74805,-0.36133 l 2.75195,1.51172 c 2.13691,0.988044 4.6175,0.894397 6.67383,-0.25195 1.4842,0.652401 3.14226,0.796582 4.7168,0.41016 l 1.23828,-0.46094 c 2.61135,0.80491 5.28521,0.89923 7.04297,0.50586 2.32301,-0.51988 3.18758,-0.92049 3.83203,-1.17774 0.36786,0.14051 0.54322,0.27878 1.8457,0.46485 1.52529,0.189173 3.07153,-0.103821 4.42188,-0.83789 1.09489,1.051063 2.48789,1.738012 3.98828,1.96679 18.51375,-2.292737 41.35965,-0.209764 50.9043,0.002 0.0157,-0.0064 0.0313,-0.01295 0.0469,-0.0195 0.0162,0.0066 0.0325,0.01306 0.0488,0.0195 61.22877,-12.322731 -17.22282,-59.945014 8.30012,8.120222 0.66661,1.69874 1.51855,2.71451 2.2129,3.48828 1.38869,1.54753 2.6683,3.670978 2.67559,3.678778 0.0252,0.02689 0.0506,0.05359 0.0762,0.0801 1.4869,1.54637 2.77714,1.671952 3.5412,2.622002 0.76407,0.95005 -0.23563,0.73658 0.39649,-1.71289 -1.08336,4.200949 1.68274,8.422979 5.9668,9.107419 l 15.82421,4.20703 c 2.25672,0.36066 4.55296,-0.34726 6.21485,-1.91601 3.56089,-3.36307 7.0868,-6.889679 10.40234,-10.302739 0.56582,-0.583494 1.03109,-1.256665 1.37695,-1.99219 l 18.38934,-11.844832 c 1.1715,-2.541482 0.80062,-5.527422 -0.95703,-7.70508 1.63526,-3.98866 0.95331,-10.01496 1.86523,-13.89062 0.49388,-2.44957 -0.28863,-4.982421 -2.07812,-6.72656 -2.80366,-1.728397 -3.67819,-2.505994 0.0254,-4.90625 -0.90066,-2.53822 5.32659,-18.125786 5.58171,-19.292056 2.4941,-4.298081 4.01844,-6.825939 7.09961,-13.26367 2.23004,-4.6119568 -1.64006,-14.99928585 -6.73877,-15.4956167 -6.80041,-0.66115 -16.23732,5.3688179 -22.15387,6.042417 -15.45738,-0.3769995 -7.21258,3.3831869 -10.04335,4.5276199 -4.07465,1.7928498 -8.8312,-0.4906172 -11.60537,-1.0663872 -5.63954,-2.4742949 -4.30435,2.666627 -6.05793,4.545733 -3.47723,7.759158 0.28238,-4.245728 -9.27934,-2.12503 -0.69315,0.21328 -1.29367,0.53459 -1.95117,0.79102 -2.02123,-1.566315 -4.71049,-1.971515 -7.10351,-1.07031 -4.15917,1.83003 -7.77785,2.45338 -9.75391,1.69336 -3.88731,-1.494681 -8.23943,0.530404 -9.59961,4.46679 L 282.57,27.423339 c -0.76439,-1.28264 0.34492,-4.71285 -0.33399,-5.97852 -0.14205,-0.26482 -0.16243,-0.34638 -0.27343,-0.57422 l 0.0312,-0.0918 c 1.83999,-5.294025 -2.67541,-10.620429 -8.19922,-9.67188 -7.73903,3.421048 -23.39418,4.745367 -25.74246,5.620233 -3.98689,0.960521 -5.91289,-2.945965 -8.26145,2.137577 -0.23122,0.500492 -0.87471,1.30526 -1.29101,1.88282 -0.76496,-2.880874 -3.19169,-5.016122 -6.14649,-5.40821 -6.60987,-0.79636 -13.81126,-1.70371 -20.44531,0.9375 -1.83669,-3.050487 -7.59345,-2.349068 -10.92188,-1.08398 -1.421,0.59832 -4.22942,1.14639 -7.38281,1.78906 -1.30958,-0.901893 -2.87598,-1.355506 -4.46484,-1.29297 l -15.64844,1.05664 c -2.43165,0.327554 -4.54026,1.84511 -5.62305,4.04688 -0.11859,-4.990565 -5.06477,-8.418419 -9.77929,-6.77734 -4.837,1.78902 -15.39062,2.09837 -20.5625,0.5332 -4.59672,-1.39108 -9.27296,1.920898 -9.48633,6.71875 -0.026,0.58588 -1.34747,2.73743 -4.09766,4.61914 -1.196,0.991137 -2.04783,2.335196 -2.43359,3.83984 -0.63484,-1.67811 -1.31212,-3.63302 -2.05469,-5.87304 0.0832,-0.45739 0.1541,-0.89191 0.26367,-1.49024 l 2.6211,-1.7168 c 2.97245,-1.946661 4.13019,-5.738708 2.75195,-9.01367 -0.71377,-1.6951899 -1.00114,-6.7820099 -3.35938,-12.38280993 -1.37375,-3.26372167 -4.87654,-9.08691147 -8.33789,-8.33983997 z M 281.47253,19.848959 c -0.0378,-0.1036 0.1304,-0.0285 0.20117,0.41797 -0.0475,-0.1084 -0.18268,-0.3673 -0.20117,-0.41797 z"
           id="path1864"
           sodipodi:nodetypes="cccccccccccccccccccccccccccsssccccscccscccccccsscccccsccccccccsscsccccccccccccccccccccccccsccccscccccccccsscccccccccscs" />
        <path
           style="color:#000000;-inkscape-font-specification:ESGARD;fill:#ffffff;stroke-width:14.7213;stroke-linecap:round;stroke-linejoin:round;-inkscape-stroke:none"
           d="m 114.6311,-2.8086374 c -8.44799,5.9470317 -20.144102,1.03975 -28.496092,3.34375007 5.47199,4.41598993 1.63183,9.21540033 -0.57617,12.19140033 2.112,-0.192 4.6087,-0.3834 6.7207,-0.1914 -2.88,3.55199 -7.48897,8.63965 -9.79297,10.84765 -2.784,-3.16799 -11.00672,-19.4879502 -13.88672,-22.75195015 l 3.74414,-0.67188 -3.16797,-11.71288985 c -7.10399,1.439999 -17.930498,-4.051235 -25.789746,-10.555398 0.096,4.032 -1.778238,16.2967715 -4.370228,19.7527716 2.39999,0 8.078634,2.89892625 10.382634,2.70692625 l 0.48047,6.43163995 c 12.97278,3.5637692 0.06423,17.7606302 -1.75977,20.6406302 l 0.87891,10.28906 c 0.768,-1.344 4.20797,-1.93785 5.16797,-3.08985 l -7.563776,30.823981 c 3.83999,5.568 -2.20765,7.10421 -6.43165,9.40821 10.84799,0.384 24.364236,-8.647141 35.212226,-8.359141 -3.84,-3.55199 -6.62369,-7.00758 -7.67969,-12.76758 l 6.43164,2.30274 -7.29492,-12.95899 c 0.192,-5.56799 0.95975,-10.94491 1.34375,-16.1289 2.59199,1.824 6.14309,4.03194 7.87109,6.33593 l -0.76758,2.88086 c 2.976,1.92 5.66382,4.89624 7.00782,6.24024 l 2.6875,-3.64844 3.26367,2.11133 c 0.96,-2.88 1.44105,-8.35121 7.87304,-14.7832 l 1.63086,4.03125 -0.0957,19.68164 3.552742,2.7832 -2.88086,3.35937 c -2.880002,8.064 -3.070912,10.17579 -2.878912,10.17579 l 0.28711,1.24804 c 4.223992,-0.48 8.545532,-0.38311 12.769532,-0.28711 2.016,0 5.95174,-0.19217 8.92773,-0.57617 l -0.28906,-1.63281 c -0.864,-4.8 0.28758,-6.33599 0.76758,-7.58399 -2.88,-4.60799 -5.85594,-12.28678 -6.33594,-15.55078 2.976,0.384 6.24169,-0.96069 8.92969,-2.30468 -7.19999,-2.592 -8.54531,-10.94407 -10.94531,-17.66407 0.192,-1.344 0.96034,-5.27934 1.15234,-6.52734 l 5.2793,-3.45703 c -1.536,-3.6480004 0.17662,-10.73482043 -1.35938,-14.3828104 z m 43.69532,20.8144504 c -7.008,2.592 -17.95206,2.88182 -25.24805,0.67383 -0.192,4.31999 -3.64693,7.87119 -7.29492,10.36718 l 5.375,0.57618 c -1.632,3.83999 -2.99115,6.52867 -7.11914,9.88867 8.63999,9.59999 -1.905,26.30291 18.54297,26.8789 4.12799,0 9.69627,-1.24767 15.07226,-3.26367 1.824,-7.58399 4.89685,-11.42422 10.46485,-13.82422 -3.936,-2.20799 -6.33632,-5.47284 -4.32032,-10.46484 -7.87199,-1.536 -17.75914,3.64987 -21.11914,9.50586 1.824,1.92 4.41552,3.26231 7.10352,3.07031 0.672,-0.768 1.34362,-1.53503 2.01562,-2.20703 0.096,3.744 -3.83999,7.48841 -7.58398,6.81641 -1.92,-1.248 -4.03197,-5.76033 -3.16797,-8.73633 5.75999,-6.52799 14.11196,-10.36902 22.75195,-11.04102 -4.22399,-5.08799 -6.24065,-11.61624 -5.47265,-18.24023 z m 149.24805,-3.61524 c 5.2441,0 -10.36738,3.74422 -15.35938,1.82422 l -5.74414,12.84766 c 0.192,2.208 2.11172,3.64903 4.51172,3.45703 0.096,1.248 0.48072,2.3032 -0.86328,2.7832 -2.496,0.768 -4.40171,9.29588 -3.34571,14.67188 l 1.53711,-0.67188 c 0.096,5.76 -1.05597,11.42479 -3.16797,16.80079 2.4,0.096 5.18458,0.2871 7.39258,0.2871 v -1.43945 l 0.0957,1.43945 c 4.22399,0 8.54358,-0.28757 12.76757,-0.76757 0,-3.264 -0.57651,-6.52791 -1.72851,-9.50391 l -2.7832,0.38281 c -1.728,-8.54399 1.3268,-22.25541 9.96679,-26.1914 0.672,3.35999 -2.78389,5.37725 -5.08789,5.28125 0.096,0.96 -1.23136,8.71833 -0.94336,9.48632 8.54399,0.96 18.41674,-9.29461 17.55274,-16.9746 -1.344,-4.992 -6.35293,-7.95273 -6.54493,-13.13672 -4.99199,1.53599 -11.02447,6.79927 -14.48046,10.44726 0.192,-3.072 3.16162,-11.02344 6.22461,-11.02344 z m 35.32312,-0.9961 c -5.12221,1.123983 -7.47966,0.521647 -12.56765,-0.534353 -2.688,2.88 -5.84396,12.938213 -5.65196,16.874203 l 4.0332,0.0957 c 0,4.51199 -3.72937,10.83306 -6.60937,14.28906 3.744,5.75999 8.44853,10.533837 6.14453,17.253827 9.21599,1.44 12.57535,5.209263 18.52734,2.617263 0.096,9.31199 -17.90901,15.781422 -21.653,19.237422 -0.96,-1.632 -2.20738,-3.45619 -3.35938,-4.99219 l 0.38281,-0.38282 c 1.728,1.152 4.6093,-0.75229 6.5293,-1.9043 l 0.19141,-6.16016 c -0.92456,-17.187692 -22.89537,-7.027738 -21.11914,8.06445 -0.672,1.824 1.91967,3.45454 3.26367,4.89454 2.4,2.49599 6.71917,6.14509 5.95117,9.12109 l 15.82422,4.20703 c 3.45599,-3.264 6.91178,-6.72008 10.17578,-10.08008 l 18.38934,-11.844832 c -0.96,-0.96 -2.3038,-2.97614 -2.5918,-3.74414 2.304,-4.512 1.84019,-11.5044 2.99219,-16.40039 -1.536,0.768 -3.55071,2.49698 -5.47071,2.20898 0.864,-10.27199 1.24649,-9.02331 3.64649,-9.69531 -1.056,-2.976 8.6558,-22.253256 9.3278,-25.325256 l -3.07226,0.38281 c 0.096,-1.728 -1.51966,1.02547 -0.84766,-0.89453 0.672,-0.864 3.16737,-2.88044 3.35937,-3.64844 l 3.3999,-13.7006968 c -6.91199,-0.67199 -15.20172,5.0655064 -22.11371,5.0655064 0.576,3.7439994 -0.97622,7.5838294 0.17578,11.4238294 1.44,-0.48 1.45708,-1.15324 2.70508,-0.86524 0.288,1.344 -4.27805,13.656877 -4.27805,15.192877 -3.168,-1.728 -5.19979,-1.24783 -8.17578,0.57617 6.04799,4.8 6.27188,14.00084 1.08789,20.04883 -1.632,-3.84 -4.60824,-7.96778 -6.24024,-10.17578 l 2.97657,-2.59375 c -2.688,-2.496 -0.78482,-8.33443 0.36718,-11.98242 0.768,-0.096 2.30457,0.47987 2.97657,0.67187 0.576,-4.22399 7.31756,-18.616149 6.01914,-18.331233 z m -139.37,3.66798 c -5.93727,0 -15.24883,4.11266 -20.04883,7.47266 0.576,-1.92 2.78385,-3.16802 3.83984,-4.41602 l -15.64843,1.05664 -2.20703,13.43945 5.56835,-0.48046 c -0.57599,3.45599 -1.72932,6.81667 -3.36132,9.88867 0,1.152 -0.0943,7.1025 0.0977,8.0625 l 0.15988,1.760567 c -0.192,4.416 -0.35333,7.265263 -2.84933,10.913263 6.33599,2.20799 12.09612,1.15153 18.91211,-0.48047 l 0.57617,-9.40821 -2.20703,0.57618 -1.16752,-0.09753 c -1.49546,-0.251772 -2.51626,-2.484994 1.35797,-9.171892 -6.74667,-12.80913 -1.17743,-9.06607 0.38572,-9.259881 1.344,0.384 0.60557,0.07481 3.32101,-0.03789 3.28916,-0.37632 4.08497,-2.345818 5.62097,-2.825818 -0.384,4.60799 -0.68735,17.553477 -1.55135,21.873467 -0.384,2.016 1.44111,8.83174 1.53711,8.92774 l 0.0957,0.38281 c 3.072,3.36 7.20055,-2.59204 10.56055,-1.24805 l 4.89453,2.68946 c -4.8,-6.336 -6.04698,-11.61713 -0.95899,-17.95313 -1.72799,-4.03199 -0.97579,-9.87124 -0.59179,-13.61523 2.87999,0.48 5.75986,-0.96128 8.25586,-2.11328 -1.344,10.46399 -3.05583,23.02459 -1.42383,33.39257 l 4.12695,-1.53515 c 2.976,3.264 7.20115,0.28694 10.36914,-0.28906 0.672,0 2.39832,0.67157 3.07031,0.76757 -0.384,-9.02399 -10.47833,-22.54388 2.0977,-26.67187 -6.43199,-3.648 -10.56117,-11.05574 -7.20117,-18.92774 -7.96799,-0.95999 -19.87163,0.20906 -26.01563,5.87305 -0.672,-2.784 -0.19123,-5.76092 0.38477,-8.54492 z m 69.19922,-1.61524 c -6.144,1.056 -16.49634,5.15141 -22.73633,4.19141 -1.92,0.864 -4.22453,0.672 -6.14453,0 -2.112,3.648 -5.27917,5.10443 -5.95117,9.23242 l 3.55273,0.0957 c -0.864,2.30399 0.38269,4.41623 1.05469,6.24023 0.576,2.112 -6.12824,10.25596 -8.24024,12.75195 1.92,3.552 3.74555,7.29673 5.18555,11.13672 -0.28556,2.140184 -1.06439,2.995617 2.11133,7.29492 l 29.56836,-0.2871 c 0.768,-8.16 5.27865,-15.84098 11.80664,-21.79297 -8.83199,-0.96 -7.6943,-6.60747 -8.6543,-15.43946 -1.344,-2.30399 -2.80031,-9.5848 -2.32031,-11.21679 z m -124.48047,12.35157 c -0.288,0.864 1.53716,4.0329 2.78515,4.1289 -3.64799,0.864 -9.50442,4.99033 -11.23242,7.48633 -0.864,-4.31999 4.31927,-10.65523 8.44727,-11.61523 z m 106.64062,3.37695 c 1.92,0.192 4.12701,0.38328 5.375,0.86328 1.056,3.168 1.36126,10.54354 3.28125,13.51953 -3.74399,6.528 0.47868,11.52055 -10.94531,10.56055 -0.672,-2.688 -2.88002,-6.04833 -4.41601,-8.73633 1.44,-4.31999 4.97708,-11.98303 6.70507,-16.20703 z"
           id="path2289"
           sodipodi:nodetypes="ccccccccccccccccccccccccccccccccccccccccccccccccccccccccccccscccccccccccccccccccsssccccccccccccccccccccccccccccccccccccssscccccccccccccccccccccccccccccccccscccccccccccccccccccccccc" />
      </g>
    </g>
    <path
       d="m 148.87931,101.68329 c -1.99219,0.43012 -5.38236,0.3351 -9.2367,1.39838 -0.69053,0.23206 -1.24734,0.75076 -1.52776,1.4231 -0.43703,-1.10183 -1.58131,-1.75187 -2.75162,-1.56327 -1.77933,0.36068 -3.96537,-0.0734 -6.78218,-0.14757 -1.44505,-0.0379 -2.62763,-1.56681 -2.59339,-0.12164 -0.002,-0.10884 -0.71665,4.35331 -1.53909,5.44989 -0.98495,1.48268 -0.16957,0.78352 1.57,1.16062 0.66393,0.16327 2.41818,1.00979 0.25072,8.14625 l -1.64379,6.17879 c 0.0154,0.29361 0.0769,0.58276 0.18932,0.85439 -0.28745,0.14399 -0.47872,0.23177 -1.11599,0.57943 -2.25626,1.23139 -1.44814,4.653 1.12065,4.74479 3.91241,0.13853 8.18572,-1.96486 11.73627,-1.8706 4.69151,0.18176 2.59206,-3.70082 0.88046,-5.28472 -0.0814,-0.0752 -0.10304,-0.12215 -0.17759,-0.19248 0.63133,-0.7966 1.62686,-0.99113 1.1382,-1.88238 l -0.86309,-1.53312 c 0.81264,0.5272 1.85506,0.54361 2.68386,0.0421 -0.58972,-0.7448 0.94843,-0.092 1.52934,-0.10799 l -0.005,0.68473 c 0.0848,0.38411 0.25848,0.74302 0.50696,1.04821 -0.0491,0.072 -0.0902,0.14621 -0.12948,0.22264 -0.51194,1.43343 -0.79671,2.36312 -0.96174,3.02257 -0.0824,0.3297 -0.13665,0.57668 -0.17106,0.88523 -0.0154,0.15423 -0.0442,0.30038 -0.009,0.6559 0.009,0.0776 0.0855,0.26815 0.10731,0.3809 l -0.0391,-0.0304 0.0991,0.42855 c 0.2899,1.25094 1.47175,2.08573 2.74761,1.94083 1.22041,-0.13869 2.59145,-0.11549 4.04129,-0.0826 0.0196,4.5e-4 0.0391,6.9e-4 0.057,6.9e-4 0.85283,0 2.19319,-0.0643 3.3894,-0.21861 0.95021,-0.13683 1.74081,-0.80021 2.04076,-1.71215 0.4233,0.44101 0.95259,0.85902 1.58539,1.14546 1.28518,0.5817 2.77789,0.73664 4.74342,0.61497 l -0.15645,0.005 c 2.56838,0 4.87228,-0.22135 7.0511,-0.16292 1.46162,0.7204 1.78532,1.38454 2.99221,2.8931 0.86386,1.12256 -0.34728,3.14527 -0.32861,2.95505 -0.13393,1.34081 0.8074,2.55098 2.13998,2.75096 0.62583,0.0938 1.4214,0.2304 2.40356,0.18844 2.22726,-0.0119 4.6308,-0.49582 6.86939,-1.47809 2.26627,-0.99441 4.42229,-4.31819 5.68705,-6.66029 0.24032,-0.44953 0.33941,-0.96127 0.2835,-1.46803 1.15889,0.61956 2.56587,0.93504 4.17876,0.98047 0.0244,7.9e-4 0.0491,0.001 0.0711,0.001 1.92666,0 4.90386,0.39448 6.96604,-0.37884 0.78562,-0.29468 1.37381,-0.96001 1.56993,-1.77585 0.52083,-2.16562 -0.0896,-3.34943 1.23253,-3.91931 1.92226,-0.82878 2.06164,-3.50118 0.23593,-4.52547 -0.36886,-0.20679 -0.43898,-0.33446 -0.43311,-0.31519 0.009,-0.0246 0.0154,-0.0172 0.057,-0.12744 0.1952,-0.50668 0.22218,-1.06281 0.0769,-1.58607 0.0933,-0.65994 -0.078,-1.32999 -0.47627,-1.86437 -1.02403,-1.23345 -1.49602,-2.77438 -1.31244,-4.35782 0.21674,-1.87296 -1.61892,-3.31563 -3.38738,-2.66177 -1.66087,0.61429 -5.28464,0.72051 -7.06049,0.18309 -1.57834,-0.47763 -3.18404,0.65958 -3.25733,2.30702 -1.14007,1.78736 -1.00273,1.02994 -1.62763,-0.51237 -0.0246,-0.0599 -0.0515,-0.11857 -0.0805,-0.17639 -0.12368,-0.24766 -0.24868,-0.59765 -0.35806,-0.98114 -0.49455,-1.73083 -2.58852,-2.40459 -3.99969,-1.28697 -0.0613,0.0486 -1.41419,0.59417 -2.9434,0.74778 -1.52924,0.15354 -3.28914,0.0908 -4.41888,-0.1039 -0.96607,-0.16651 -1.94128,0.24082 -2.50213,1.04485 -0.68294,0.97888 -1.10004,1.99446 -1.27223,2.95215 -0.0491,-0.0314 -0.0933,-0.065 -0.14246,-0.0952 -0.0491,-0.20176 -0.12061,-0.42649 -0.13085,-0.52242 -0.0902,-0.85762 -0.61161,-1.61001 -1.38285,-1.99584 -0.39977,-0.19996 -0.23396,-0.10356 -0.27026,-0.11737 -0.0343,-0.0136 -0.0718,-0.0264 -0.11277,-0.0416 -0.0819,-0.0299 -0.18434,-0.0676 -0.30608,-0.1114 -0.2423,-0.0874 -0.55539,-0.19831 -0.86916,-0.30915 -0.31393,-0.11089 -0.62714,-0.22102 -0.87652,-0.30647 -0.12454,-0.0427 -0.23103,-0.0787 -0.32715,-0.11004 -0.0491,-0.0154 -0.0913,-0.0295 -0.15218,-0.0476 -0.0293,-0.009 -0.0633,-0.0188 -0.12897,-0.0348 -7e-4,-1.7e-4 -0.007,-3.4e-4 -0.007,-6.8e-4 -0.007,-0.001 -0.0196,-0.005 -0.0246,-0.007 -0.12454,-0.0309 -0.17956,-0.0387 -0.2281,-0.0461 -0.0976,-0.0154 -0.15047,-0.0201 -0.20651,-0.0259 -0.11243,-0.0119 -0.2183,-0.0201 -0.3419,-0.028 -0.24721,-0.0171 -0.54832,-0.0299 -0.87316,-0.0348 -0.32473,-0.005 -0.65907,-0.005 -1.03412,0.028 -0.18738,0.0171 -0.38014,0.0358 -0.66059,0.10389 -0.28057,0.0681 -0.70283,-0.0225 -1.47745,0.88123 l 0.57606,-0.49637 c -0.40174,0.25207 -0.21281,0.19439 -0.76655,0.0771 -0.55391,-0.11721 -1.66585,-0.562 -3.23114,-0.562 -0.92276,2.2e-4 -1.77216,0.50329 -2.21579,1.31244 -3.536,6.01839 0.73352,-0.94829 0.12863,-2.50147 -0.24525,-0.58278 -0.34482,0.37889 -1.15421,-1.54354 -0.47183,-1.12067 -1.67444,-2.64946 -2.86295,-2.39294 z"
       style="color:#000000;-inkscape-font-specification:ESGARD;display:inline;fill:#000000;stroke-width:1.29777;stroke-linecap:round;stroke-linejoin:round;-inkscape-stroke:none"
       id="path2444"
       sodipodi:nodetypes="ccccccccccccccccccccccccccccccssccscccccscsccccccccccccccsccccsscccccsccccsccscccsccscccccccscc" />
    <path
       d="m 149.39399,103.29039 c -2.90079,0.6263 -7.13288,0.57305 -10.00068,1.36418 1.87889,1.5163 0.56099,3.16426 -0.19717,4.18613 0.72521,-0.066 1.58181,-0.1317 2.307,-0.0657 -0.98888,1.21964 -2.57082,2.06381 -3.36193,2.82196 -0.95592,-1.08779 -2.40651,-1.66835 -3.39546,-2.7891 l 1.28566,-0.23072 -1.08778,-4.02182 c -2.43928,0.49443 -4.84571,-0.0329 -7.35091,-0.0986 0.0345,1.38445 -1.15344,3.13157 -2.04344,4.31824 0.82408,0 1.813,-0.0662 2.60412,-0.13205 l 0.16429,-0.49988 c 1.07667,3.03883 0.0947,5.40399 0.0993,5.43888 l -2.22122,9.58497 c 1.3185,1.91186 -0.75807,2.43935 -2.20844,3.23046 3.72485,0.13188 7.98934,-1.97014 11.71414,-1.87126 -1.31849,-1.21965 -2.27433,-2.40617 -2.63694,-4.38398 l 1.32438,0.22842 -1.62078,-3.88742 c 0.0657,-1.91187 0.3296,-3.75814 0.46154,-5.53815 0.89,0.6263 2.11001,1.38443 2.70336,2.17555 l -0.26438,0.9892 c 1.02187,0.65926 1.94478,1.68122 2.40627,2.14269 l 0.92347,-1.25274 1.12063,0.72495 c 0.32962,-0.98891 0.4941,-2.86754 2.70268,-5.07607 l 1.46339,4.0925 -0.93717,4.04973 1.21928,0.95567 -0.98852,1.1535 c -0.98895,2.76891 -1.05512,3.49403 -0.98919,3.49403 l 0.0991,0.42854 c 1.45041,-0.1648 2.93356,-0.13153 4.38396,-0.0986 0.69222,0 2.04364,-0.066 3.06548,-0.19781 l -0.0984,-0.56065 c -0.29674,-1.64817 0.0984,-2.17557 0.2634,-2.60409 -0.98888,-1.58224 -2.01074,-4.21888 -2.17554,-5.33963 1.02184,0.13187 2.14252,-0.32986 3.06548,-0.79136 -2.47223,-0.89001 -2.03072,-3.75785 -2.85478,-6.06527 0.0657,-0.46152 0.3291,0.89555 0.39484,0.46704 l 1.81339,-3.89534 c -0.52741,-1.25261 -0.62675,-0.29095 -1.15417,-1.54356 z m 30.34636,3.79833 c -1.74707,1.38446 -6.49367,1.64795 -9.36142,1.15349 -2.96674,4.25226 2.73585,4.25214 -3.03268,8.93293 1.2526,0.82408 2.53813,2.17575 2.60407,3.19761 0.0991,0.75815 -0.29674,1.91168 -1.28559,2.01058 -0.0991,0.0329 -1.02165,-0.23059 -1.15349,-0.26355 -0.0343,1.54927 1.2197,2.99934 2.80188,2.27414 -0.23051,1.12076 -1.1865,2.07669 -2.20839,2.60411 1.08783,1.21963 4.70959,2.60478 2.80194,6.0252 0.65927,0.099 1.25262,0.19796 1.94488,0.16497 3.72487,0 8.63633,-3.52024 10.41637,-6.81656 -2.04374,-1.41743 -3.06563,-5.04311 -1.94484,-7.68017 -1.41745,0.72519 -2.96664,1.35161 -4.58181,1.48345 2.57113,-1.05482 4.84515,-3.26353 5.99884,-5.8017 l -2.30698,-0.69209 c -0.36249,-0.56038 -0.33011,-1.08788 0.13154,-2.1427 0.49445,-1.15371 0.0664,-2.14262 -0.29627,-3.03263 -0.23054,-0.46147 -0.39583,-0.95558 -0.52778,-1.41708 z m 15.69096,0.85641 c 2.56564,7e-5 -6.16414,0.98952 -8.66939,0.23137 -0.0657,1.48335 -1.25287,2.70271 -2.50548,3.55975 l 1.84626,0.19781 c -0.56038,1.31853 -1.71449,2.24174 -3.13193,3.39546 2.96675,3.29632 -4.88236,8.13159 6.15175,8.32657 1.41743,0 5.1349,1.37715 6.98085,0.6849 0.62631,-2.60411 0.77799,-4.82548 2.68984,-5.64956 -1.3515,-0.75815 -2.17568,-1.8792 -1.48343,-3.59328 -2.70298,-0.52742 -6.09795,1.25324 -7.25163,3.26399 0.6263,0.65927 1.51611,1.12017 2.43913,1.05425 0.23052,-0.2637 0.46155,-0.52708 0.6921,-0.75782 0.0343,1.28556 -1.31856,2.57127 -2.60412,2.34053 -0.65925,-0.42854 -1.38445,-1.97791 -1.08781,-2.99977 1.97783,-2.2415 4.79291,-3.56039 7.75963,-3.79113 -1.45039,-1.74705 -5.07092,-6.26316 -2.7812,-6.26311 z m -34.8136,0.49493 c -0.54801,-0.009 -1.11632,0.0171 -1.21518,0.13137 -2.75027,0.5846 -3.29658,-0.0986 -5.34034,-0.0986 -0.56037,1.02185 -0.79109,2.60373 -1.94484,2.93336 l 1.84627,2.20909 c 2.86547,-0.20127 1.75427,-1.41035 3.10571,-1.31147 0.69225,-0.3296 2.11304,-0.24333 3.32175,0.25657 0.0657,0.39559 0.0657,0.85704 0.0343,1.08778 -1.31856,-0.0658 -2.70274,0.72518 -3.98831,0.65924 -2.30744,-0.29664 -4.02114,1.68101 -5.10895,6.32884 3.72486,0.26368 0.42768,4.35108 7.3502,3.92256 2.50519,0 4.94491,-0.26383 7.45012,-0.16497 v -3.69188 c -0.56033,0.0329 -1.51676,-0.36248 -1.58266,-1.12063 0.29673,-1.35149 0.33008,-2.80168 0.52778,-4.18615 0.49443,0.29666 1.05464,0.49434 1.58202,0.69212 -0.26389,-1.87891 0.82397,-3.69219 -1.91202,-4.68108 -0.19759,-0.5274 -0.42819,-1.38427 -0.4942,-2.01058 -0.0657,-0.0329 -1.54606,-0.72023 -1.612,-0.72023 -0.0154,-0.0171 -1.47018,-0.22719 -2.01821,-0.23543 z m 31.35243,2.86765 c -0.0991,0.29666 0.52714,1.38476 0.95563,1.41774 -1.25256,0.29664 -3.2635,1.71351 -3.8568,2.57056 -0.29675,-1.48335 1.48374,-3.65866 2.90117,-3.9883 z m -14.93247,0.72496 c 0.2305,0.92297 0.65953,2.43945 0.79138,3.19762 -0.29678,0.32961 -1.68175,1.18697 -3.72542,2.07696 -0.23054,-0.39554 -0.56004,-0.82407 -0.75783,-1.08777 0.13187,-0.59334 0.39535,-1.94521 0.65924,-3.1319 l 0.13187,0.29711 c 0.98891,0.62629 1.97755,-0.59387 2.90056,-1.35202 z m -17.50099,4.76087 c 0.88892,0.045 1.61892,0.96052 1.21721,1.89791 -0.15372,0.0338 -0.70519,0.32795 -0.70519,0.32795 l 0.16515,1.2926 0.63859,0.555 v 0.13222 c -0.56031,0.59333 -1.94477,0.69198 -2.60407,0.2964 -0.0343,-0.75815 -1.87832,-2.20822 -1.48277,-2.70268 0.62632,-0.56037 1.74647,-0.82424 2.142,-1.6813 0.20999,-0.0926 0.42377,-0.12846 0.62911,-0.11805 z m 18.35808,6.80968 c 0.0657,0.36258 0.0343,1.15378 0,1.71415 -0.23053,-0.23072 -0.5376,0.26324 -0.83424,0.16429 0.46154,1.81297 -0.94597,1.84631 -2.79194,2.47261 -0.29676,-0.29666 -0.56048,-0.52766 -0.82418,-0.79136 -0.0343,0 -0.0657,-0.0329 -0.0657,-0.0329 1.28551,-0.29666 2.20843,-1.846 2.40626,-2.80194 -0.46155,-0.0329 -1.15361,-0.0333 -1.35139,-0.56066 1.15369,0 2.70303,-0.0984 3.46119,-0.16429 z"
       style="color:#000000;-inkscape-font-specification:ESGARD;display:inline;fill:#ffffff;stroke-width:19.1049;stroke-linecap:round;stroke-linejoin:round;-inkscape-stroke:none"
       id="path2302"
       sodipodi:nodetypes="ccccccccccccccccccccccccccccccccccccccccccccccccccccccccccccccsccccccccccccccsssccccccccccccccccccssccccccccccccsccccccccssscccccccss" />
  </g>
  <g
     inkscape:groupmode="layer"
     id="layer7"
     inkscape:label="Layer 4" />
  <g
     inkscape:label="Layer 1"
     inkscape:groupmode="layer"
     id="layer1" />
  <g
     inkscape:groupmode="layer"
     id="layer4"
     inkscape:label="Layer 2"
     style="display:inline"
     transform="matrix(1.2741874,0,0,1.2741874,-39.428949,-13.654209)" />
  <text
     xml:space="preserve"
     style="font-style:normal;font-variant:normal;font-weight:normal;font-stretch:normal;font-size:4.23333333px;font-family:ESGARD;-inkscape-font-specification:ESGARD;fill:#000000;fill-opacity:1;stroke:none;stroke-width:2.153;stroke-linecap:round;stroke-linejoin:round;stroke-dasharray:none"
     x="60.498474"
     y="73.222382"
     id="text7302"><tspan
       sodipodi:role="line"
       id="tspan7300"
       style="stroke-width:2.153;fill:#000000;stroke:none;font-size:4.23333333px"
       x="60.498474"
       y="73.222382" /></text>
</svg>
